/*上行控制命令*/
3a 01 04 12 ff ff 44 44 44 44 44 44 44 44 44 0a
头 地址 命令 信息保存去                    命令校验位+地址  信息校验  尾
3a 01   23   00 00 00 00 00 00 00 00 00 00 24                00        0a

0x24 /*检测阻挡*/
0x55 /*检测重启*/
0x12 /*回零*/
0x13 /*旋转*/
0x14 /*机械手出去*/
0x15 /*机械手出去到位*/
0x16 /*机械手回来*/
0x17 /*机械手回来到位*/
0x18 /*检测回单*/
0x21 /*按键使能*/
0x22 /*按键使能关闭*/
0x23 /*按钮是否按下*/
0x77 /*检查使用次数*/

/*测试用*/
3a 01 24 00 00 00 00 00 00 00 00 00 00 25 00 0a/*发送*/
3A 88 00 00 00 00 00 00 00 00 00 00 00 88 00 0A/*返回校验成*/
3A 22 01 01 01 01 01 01 01 01 01 01 00 23 0A 0A/*返回阻挡情况*/

3a 01 55 00 00 00 00 00 00 00 00 00 00 56 00 0a
3A 88 00 00 00 00 00 00 00 00 00 00 00 88 00 0A 
3A 21 00 00 00 00 00 00 00 00 00 00 00 21 00 0A 

3a 01 12 00 00 00 00 00 00 00 00 00 00 13 00 0a
3A 88 00 00 00 00 00 00 00 00 00 00 00 88 00 0A 
3A 21 00 00 00 00 00 00 00 00 00 00 00 21 00 0A 

3a 01 13 10 00 00 00 00 00 00 00 00 00 14 10 0a/*旋转*/
3a 01 13 30 00 00 00 00 00 00 00 00 00 14 30 0a

3a 01 12 00 00 00 00 00 00 00 00 00 00 13 00 0a/*回零*/

3a 01 14 01 00 00 00 00 00 00 00 00 00 15 01 0a/*机械手出去*/
3a 01 14 05 00 00 00 00 00 00 00 00 00 15 05 0a
3a 01 14 06 00 00 00 00 00 00 00 00 00 15 06 0a

3a 01 15 01 00 00 00 00 00 00 00 00 00 16 01 0a/*机械手出去到位*/
3a 01 15 05 00 00 00 00 00 00 00 00 00 16 05 0a

3a 01 16 01 00 00 00 00 00 00 00 00 00 17 01 0a/*机械手回来*/
3a 01 16 05 00 00 00 00 00 00 00 00 00 17 05 0a

3a 01 17 01 00 00 00 00 00 00 00 00 00 18 01 0a/*机械手回来到位*/
3a 01 17 05 00 00 00 00 00 00 00 00 00 18 05 0a

3a 01 18 00 00 00 00 00 00 00 00 00 00 19 00 0a/*检测回单*/

3a 01 21 00 00 00 00 00 00 00 00 00 00 22 00 0a/*按键使能*/

3a 01 23 00 00 00 00 00 00 00 00 00 00 24 00 0a/*按钮是否按下*/

3a 01 77 01 00 00 00 00 00 00 00 00 00 24 00 0a/*按钮是否按下*/

/*机械手内部*/
3a 01 14 0a


3a 01